
Sequence = [0,0,0,0,1,2,7,34,257,2606,32300,440564,6384634,
 96262938,1496225352,23833988129,387591510244,
 6415851530241,107854282197058]
V(G)	Graphs		No-SLTR:	2app. N-Int	Min-Max			Cut --> ( 	SLTR 					Non-SLTR )	
3		0											
4		1			0						()(6)		
5		2 			0						()(7,9)	
6		7			0						()(9,12)		
7		34			0						()(11,15)
8		257			2					0	(12)(13,18)		()													
9		2606		9					0	(14(15)21)		(15)			(73)				(1)				
10		32300		102			4		0	(15(17,18)24)	(17,18)			(615,2632)			(18,3)			
11		440564		1182		40		0	(17(19,21)27)	(19,20,21)		(5845,25549,64429)	(289,77,10)	
12		6384634		16253?					(18(21,24)30)	(21,22,23,24)	( , , , )			( , , ,24?)		

15										0	(22(27,33)39)
		
20										0	(30(37,48)54)

25										0	(38(47,63)69)

30										0	(45(57,78)84)


Smallest Graph no FAA : ":MeEgypEYGgA_Q@SSQiPB^" on 14 vertices ??

G = Graph(':I`A?gPaGk`deQ`s^') with 10 vertices has sltr only for some outer faces.

Interesting non SLTR on 10 vertices
G = Graph([[1,2],[1,4],[1,5],[2,6],[2,7],[3,4],[3,7],[3,8],[4,8],[4,9],[5,9],[5,10],[6,7],[6,8],[8,10],[9,10]])